ISS (ZARYA)             
1 25544U 98067A   14230.88457416  .00006695  00000-0  12482-3 0  9203
2 25544  51.6465 148.8026 0004635  36.6343  49.6071 15.50083804901057
TIANGONG 1              
1 37820U 11053A   14230.56505096  .00015039  00000-0  15105-3 0  3050
2 37820  42.7708 295.6999 0004200  19.3767  86.2142 15.65250559165848
FLOCK 1-12              
1 39528U 98067DT  14230.10489325  .00061166  00000-0  43377-3 0  5206
2 39528  51.6382 136.2238 0002981 118.7246 241.4053 15.73334263 28879
FLOCK 1-18              
1 39556U 98067DZ  14229.98556943  .00059359  00000-0  43837-3 0  4832
2 39556  51.6409 138.2256 0002777 116.6821 351.5548 15.72394279 26930
FLOCK 1-20              
1 39560U 98067ED  14229.96191383  .00089078  00000-0  53259-3 0  4467
2 39560  51.6464 136.0902 0003507 182.1581 177.9405 15.77104358 26892
SKYCUBE                 
1 39567U 98067EL  14230.69513329  .00045304  00000-0  36222-3 0  5088
2 39567  51.6414 135.4963 0003494 157.9870 289.1623 15.70616518 26763
PROGRESS-M 23M          
1 39648U 14018A   14212.63900704  .00029804  00000-0  32496-3 0  1175
2 39648  51.6449 238.5753 0048574 298.8991  60.7644 15.61173083 17558
CYGNUS ORB-2            
1 40084U 14039A   14229.29024689  .00007029  00000-0  10177-3 0   427
2 40084  51.6505 156.7720 0015258 348.8275 161.1117 15.57018267  5371
ATV-5 (GEORGES LEMAITRE)
1 40103U 14044A   14224.50651772  .00004711  00000-0  88426-4 0   454
2 40103  51.6467 180.4080 0006852   2.1761 104.8243 15.50662829  2118
